{
  "intrinsics": [
    [
      900.0,
      0.0,
      450.0
    ],
    [
      0.0,
      900.0,
      800.0
    ],
    [
      0.0,
      0.0,
      1.0
    ]
  ],
  "points": [],
  "cameras": [
    {
      "index": 0,
      "image": "img_1.jpeg",
      "R": [
        [
          1.0,
          0.0,
          0.0
        ],
        [
          0.0,
          1.0,
          0.0
        ],
        [
          0.0,
          0.0,
          1.0
        ]
      ],
      "t": [
        0.0,
        0.0,
        0.0
      ],
      "center": [
        0.0,
        0.0,
        0.0
      ],
      "quat": [
        1.0,
        0.0,
        0.0,
        0.0
      ]
    },
    {
      "index": 1,
      "image": "img_2.jpeg",
      "R": [
        [
          0.9996876505115526,
          0.020080514735771975,
          -0.014878653925616244
        ],
        [
          -0.02051754905010417,
          0.9993444683056154,
          -0.029827233327001712
        ],
        [
          0.014269954298048068,
          0.030123190317648575,
          0.9994443265182
        ]
      ],
      "t": [
        -1.0820766998292395,
        -0.00341641240729805,
        -0.28754364204512933
      ],
      "center": [
        1.0857718519471231,
        0.033804561810795775,
        0.27118211480063875
      ],
      "quat": [
        0.9998095375289445,
        0.01499046103141288,
        -0.007288540249302349,
        -0.01015144941660972
      ]
    },
    {
      "index": 2,
      "image": "img_3.jpeg",
      "R": [
        [
          0.9995868799374931,
          0.013171682988413917,
          -0.025545571516029833
        ],
        [
          -0.014271159570556417,
          0.9989581778133695,
          -0.04334619919098058
        ],
        [
          0.02494801517835804,
          0.04369285693388768,
          0.9987334633382499
        ]
      ],
      "t": [
        -1.4866038559859494,
        -0.16623102300840986,
        -0.67710246768119
      ],
      "center": [
        1.5005097632941256,
        0.21522345581091062,
        0.6310632644279724
      ],
      "quat": [
        0.9996597572535759,
        0.021767170152971794,
        -0.01262769315459689,
        -0.006863045741274429
      ]
    },
    {
      "index": 3,
      "image": "img_4.jpeg",
      "R": [
        [
          0.9945934955058496,
          0.027227178678919464,
          -0.10021207231986382
        ],
        [
          -0.03770663603439932,
          0.9938400473549847,
          -0.10421213879587711
        ],
        [
          0.0967573681764069,
          0.10742737553635019,
          0.9894934919891829
        ]
      ],
      "t": [
        -1.3179074307514338,
        -0.039378851731012555,
        -1.1673827288835994
      ],
      "center": [
        1.4222501947758972,
        0.2004280437789071,
        1.0189436237673313
      ],
      "quat": [
        0.9972370624442838,
        0.05305647029741531,
        -0.04937879063918053,
        -0.01627842996382485
      ]
    },
    {
      "index": 4,
      "image": "img_5.jpeg",
      "R": [
        [
          0.9739791891560168,
          -0.004885519775596671,
          -0.22658479822686803
        ],
        [
          -0.01764748292101031,
          0.9950972680359751,
          -0.09731389157716079
        ],
        [
          0.2259493426357795,
          0.0987803565688088,
          0.9691178131262463
        ]
      ],
      "t": [
        -2.1207447141017406,
        0.017326347336665267,
        -1.6891380898178805
      ],
      "center": [
        2.4475266244818354,
        0.13925132166667267,
        1.1581313928232582
      ],
      "quat": [
        0.9922442076321533,
        0.049406750535213526,
        -0.11401783386132196,
        -0.0032154289859419316
      ]
    },
    {
      "index": 5,
      "image": "img_6.jpeg",
      "R": [
        [
          0.984900737770742,
          0.014256189186037799,
          -0.17253201966168485
        ],
        [
          -0.024563073781589617,
          0.9980287266276732,
          -0.05775219677506081
        ],
        [
          0.17136858564231744,
          0.06111809794027509,
          0.9833094049988105
        ]
      ],
      "t": [
        -2.902226741432145,
        -0.24960234683263963,
        -1.959464203874401
      ],
      "center": [
        3.1880648671878937,
        0.4102437309821516,
        1.411617455362971
      ],
      "quat": [
        0.9957709160993339,
        0.02984378555184623,
        -0.08634029166345332,
        -0.009746032531179838
      ]
    },
    {
      "index": 6,
      "image": "img_7.jpeg",
      "R": [
        [
          0.9035045582638497,
          -0.04414795979876752,
          -0.4262985700680362
        ],
        [
          0.03055581714145137,
          0.9987845651294179,
          -0.038674726864680264
        ],
        [
          0.42748784220754643,
          0.021916890857186885,
          0.9037553843047853
        ]
      ],
      "t": [
        -2.811390258861023,
        -0.7162378309941649,
        -3.136825482773429
      ],
      "center": [
        3.9029439031456246,
        0.6599996081758893,
        1.6087309699414338
      ],
      "quat": [
        0.9754543182151142,
        0.015529076193116267,
        -0.21881763100855423,
        0.019145893237961117
      ]
    },
    {
      "index": 7,
      "image": "img_8.jpeg",
      "R": [
        [
          6.123233995736766e-17,
          0.0,
          1.0
        ],
        [
          0.0,
          1.0,
          0.0
        ],
        [
          -1.0,
          0.0,
          6.123233995736766e-17
        ]
      ],
      "t": [
        1.9999999999999996,
        0.0,
        7.0
      ],
      "center": [
        7.0,
        0.0,
        -2.0
      ],
      "quat": [
        1.0,
        0.0,
        0.0,
        0.0
      ]
    },
    {
      "index": 8,
      "image": "img_9.jpeg",
      "R": [
        [
          0.29061574148848657,
          -0.0104723532271795,
          0.9567825356981503
        ],
        [
          -0.01531004386549664,
          0.9997612006032204,
          0.015593085815317724
        ],
        [
          -0.9567173529083361,
          -0.01917997878759195,
          0.2903860104374414
        ]
      ],
      "t": [
        -0.12016020358449242,
        -0.13821272419425196,
        5.050610282655011
      ],
      "center": [
        4.864810903985257,
        0.23379195706901743,
        -1.3495042231098004
      ],
      "quat": [
        0.989098211656672,
        0.006588182734361482,
        -0.14685138065126757,
        0.008717542466111672
      ]
    },
    {
      "index": 9,
      "image": "img_10.jpeg",
      "R": [
        [
          0.5597824237585489,
          0.0223184757433539,
          0.8283390149519082
        ],
        [
          -0.01885124647675498,
          0.9997215036156523,
          -0.01419667970801817
        ],
        [
          -0.8284251737829296,
          -0.00766817116089263,
          0.5600472574647342
        ]
      ],
      "t": [
        -0.6577421263411722,
        -0.2579546929348197,
        4.929026729374423
      ],
      "center": [
        4.446659539057725,
        0.3103592757950972,
        -2.21931653688547
      ],
      "quat": [
        0.9560969736839577,
        -0.009547973808209735,
        -0.2928127878358519,
        0.00693429075909138
      ]
    },
    {
      "index": 10,
      "image": "img_11.jpeg",
      "R": [
        [
          0.8026049289093895,
          0.06895365474171128,
          0.5925122121847912
        ],
        [
          -0.06428545192329148,
          0.9975099295306181,
          -0.02900553669283984
        ],
        [
          -0.5930368527851977,
          -0.01480992861503306,
          0.8050391029341653
        ]
      ],
      "t": [
        -1.9281477542272674,
        0.04006904192705501,
        3.573916359809516
      ],
      "center": [
        3.669580857815754,
        0.14591301351185465,
        -1.7335291049205928
      ],
      "quat": [
        0.8920564716570089,
        -0.027453192299751603,
        -0.45054435535267473,
        0.022166584474019795
      ]
    },
    {
      "index": 11,
      "image": "img_12.jpeg",
      "R": [
        [
          0.8746922594202086,
          0.04000179053184059,
          0.48302516297250736
        ],
        [
          -0.05344035053420833,
          0.9984717089848669,
          0.014084576373467966
        ],
        [
          -0.4817235516820322,
          -0.038132703957179076,
          0.8754931848071478
        ]
      ],
      "t": [
        -2.120755426902363,
        -0.02227263392546856,
        3.2938846347410276
      ],
      "center": [
        3.4405599037489205,
        0.23267733686104997,
        -1.8590816129388459
      ],
      "quat": [
        0.8607003577958195,
        -0.0075279433555553565,
        -0.5083608448558777,
        0.026598413042925362
      ]
    },
    {
      "index": 12,
      "image": "img_13.jpeg",
      "R": [
        [
          0.9666182493467653,
          0.00987739628949073,
          0.25603046121962764
        ],
        [
          -0.02358736251309388,
          0.9984438226871375,
          0.050532853348809324
        ],
        [
          -0.25513289940631095,
          -0.054885061541704874,
          0.9653470016838984
        ]
      ],
      "t": [
        -2.3207347088600807,
        0.24155266350195184,
        1.0072565424763742
      ],
      "center": [
        2.505946393844603,
        -0.16297061100286095,
        -0.39037965064897184
      ],
      "quat": [
        0.792086987538786,
        0.012831752603853948,
        -0.6097705433319157,
        0.024767615580528715
      ]
    },
    {
      "index": 13,
      "image": "img_14.jpeg",
      "R": [
        [
          0.9994176610071762,
          0.021418113395036235,
          0.02656319418937703
        ],
        [
          -0.023290014155030393,
          0.9971118485549503,
          0.07228787389312963
        ],
        [
          -0.024938205781564703,
          -0.07286443501412673,
          0.9970300196094742
        ]
      ],
      "t": [
        -1.6655547329461744,
        0.3281829617542967,
        0.048842493168870516
      ],
      "center": [
        1.6734462454507248,
        -0.2880031988537536,
        -0.02817862667081772
      ],
      "quat": [
        0.7156488748901049,
        0.017770502505822062,
        -0.6974257036745937,
        0.03358995330773161
      ]
    }
  ]
}