{
  "intrinsics": [
    [
      900.0,
      0.0,
      450.0
    ],
    [
      0.0,
      900.0,
      800.0
    ],
    [
      0.0,
      0.0,
      1.0
    ]
  ],
  "images": [
    "img_1.jpeg",
    "img_2.jpeg",
    "img_3.jpeg",
    "img_4.jpeg",
    "img_5.jpeg",
    "img_6.jpeg",
    "img_7.jpeg",
    "img_8.jpeg",
    "img_9.jpeg",
    "img_10.jpeg",
    "img_11.jpeg",
    "img_12.jpeg",
    "img_13.jpeg",
    "img_14.jpeg"
  ],
  "cameras": [
    {
      "index": 0,
      "image": "img_1.jpeg",
      "R": [
        [
          1.0,
          0.0,
          0.0
        ],
        [
          0.0,
          1.0,
          0.0
        ],
        [
          0.0,
          0.0,
          1.0
        ]
      ],
      "t": [
        0.0,
        0.0,
        0.0
      ],
      "center": [
        0.0,
        0.0,
        0.0
      ],
      "quat": [
        1.0,
        0.0,
        0.0,
        0.0
      ]
    },
    {
      "index": 1,
      "image": "img_2.jpeg",
      "R": [
        [
          0.9997268330760565,
          0.023358691026386453,
          -0.0007942173836726384
        ],
        [
          -0.02337218905284898,
          0.9991531878705969,
          -0.03386219052131139
        ],
        [
          2.5683848948348555e-06,
          0.03387150308972895,
          0.9994261960104137
        ]
      ],
      "t": [
        -1.12233432333971,
        0.04457511590561913,
        -0.22492665971594697
      ],
      "center": [
        1.1230701344592011,
        -0.010702504420068787,
        0.2254156295386544
      ],
      "quat": [
        0.9997882547015977,
        0.01693700973494045,
        -0.00019923862998502776,
        -0.011685194304763809
      ]
    },
    {
      "index": 2,
      "image": "img_3.jpeg",
      "R": [
        [
          0.9998301980590512,
          0.013022760292387832,
          -0.013037743806560425
        ],
        [
          -0.013592308413705326,
          0.9989127413316828,
          -0.04459354613853212
        ],
        [
          0.012442837344641829,
          0.044763187102681644,
          0.998920133383658
        ]
      ],
      "t": [
        -1.480327629114768,
        -0.151430167790143,
        -0.6566462028359995
      ],
      "center": [
        1.4861885229612264,
        0.19993705273354218,
        0.6298841719705225
      ],
      "quat": [
        0.9997078414184807,
        0.022345711801766484,
        -0.006372006924304999,
        -0.006655711699812508
      ]
    },
    {
      "index": 3,
      "image": "img_4.jpeg",
      "R": [
        [
          0.9956133440834093,
          0.027990945825686633,
          -0.08927808261177116
        ],
        [
          -0.03762870446782829,
          0.9934204417960223,
          -0.10816610569798943
        ],
        [
          0.08566300066611955,
          0.11105103679650749,
          0.9901159111656054
        ]
      ],
      "t": [
        -1.3092003499337057,
        -0.0034584688417979557,
        -1.088257612055618
      ],
      "center": [
        1.3965506133171375,
        0.16093360583518884,
        0.9602441910403179
      ],
      "quat": [
        0.9973903068815434,
        0.054947682211767414,
        -0.04384970509310049,
        -0.016447836378789958
      ]
    },
    {
      "index": 4,
      "image": "img_5.jpeg",
      "R": [
        [
          0.9797337675488059,
          -0.001907968540084612,
          -0.20029504332527154
        ],
        [
          -0.018754385464166978,
          0.9946881565999506,
          -0.10121138347860718
        ],
        [
          0.1994242155568972,
          0.10291662050340696,
          0.9744937924243919
        ]
      ],
      "t": [
        -2.1954428653469646,
        0.05521740868337893,
        -1.5510164227285492
      ],
      "center": [
        2.4612953118898138,
        0.1005124301983744,
        1.0773081823893775
      ],
      "quat": [
        0.9935939458064783,
        0.05136102248900275,
        -0.10057409784178115,
        -0.004238757944123868
      ]
    },
    {
      "index": 5,
      "image": "img_6.jpeg",
      "R": [
        [
          0.9897650847186482,
          0.01755446096585661,
          -0.14162244868694107
        ],
        [
          -0.02625111846203721,
          0.9978666607637647,
          -0.05977462769156967
        ],
        [
          0.14027100859186525,
          0.0628805871185368,
          0.9881144042631141
        ]
      ],
      "t": [
        -2.9489589987892155,
        -0.20934208561145992,
        -1.792178104811717
      ],
      "center": [
        3.1646718197181487,
        0.3733560850121339,
        1.3407248606559061
      ],
      "quat": [
        0.996963659034963,
        0.030757193027686144,
        -0.07068799718127955,
        -0.01098474829822197
      ]
    },
    {
      "index": 6,
      "image": "img_7.jpeg",
      "R": [
        [
          0.9229545436862153,
          -0.05306734738245587,
          -0.38123321855625286
        ],
        [
          0.024391670870456517,
          0.9965233275675102,
          -0.07966369314765799
        ],
        [
          0.3841353364129851,
          0.06422705236554642,
          0.9210401343390613
        ]
      ],
      "t": [
        -3.027462336764801,
        -0.20245839332132276,
        -2.987331996463131
      ],
      "center": [
        3.9466881994894543,
        0.23296264486424687,
        1.5811548693143813
      ],
      "quat": [
        0.9798619807902523,
        0.03671199320264407,
        -0.1952745820263312,
        0.019762736939349917
      ]
    },
    {
      "index": 7,
      "image": "img_8.jpeg",
      "R": [
        [
          0.8010753938477155,
          -0.06767747419281817,
          -0.5947251237829185
        ],
        [
          0.036131921016147435,
          0.9972430163835098,
          -0.0648139688493271
        ],
        [
          0.5974719220644684,
          0.03043231442396535,
          0.8013121592634113
        ]
      ],
      "t": [
        -1.6858619262297403,
        -0.32502774670112505,
        -3.779160620089799
      ],
      "center": [
        3.6201887428746193,
        0.32504537777273795,
        2.0045965756796638
      ],
      "quat": [
        0.9486346200585657,
        0.025100887438467157,
        -0.3141876283657518,
        0.027357581363243087
      ]
    },
    {
      "index": 8,
      "image": "img_9.jpeg",
      "R": [
        [
          0.6164489472380319,
          -0.08552199448206324,
          -0.7827366631945457
        ],
        [
          0.014427802368247249,
          0.9951439658033808,
          -0.09736696484918393
        ],
        [
          0.7872626842216927,
          0.04872859309408968,
          0.6146893445042998
        ]
      ],
      "t": [
        -0.795162350287752,
        -0.08308890410312417,
        -5.2727646511694655
      ],
      "center": [
        4.642426636554529,
        0.27161595457752286,
        2.6106194079854683
      ],
      "quat": [
        0.8980927370747568,
        0.040668282882214406,
        -0.43703709054868817,
        0.027822793995602356
      ]
    },
    {
      "index": 9,
      "image": "img_10.jpeg",
      "R": [
        [
          0.35597886331014816,
          -0.11549034993178989,
          -0.9273300534055
        ],
        [
          0.0456995738200707,
          0.9932980120262344,
          -0.10616312098556016
        ],
        [
          0.9333759145323381,
          -0.004586761097277313,
          0.35887095702154237
        ]
      ],
      "t": [
        1.2169511900406944,
        -0.20349754276643098,
        -5.3775128203545215
      ],
      "center": [
        4.595331796251013,
        0.31801445686531526,
        3.0367446500355877
      ],
      "quat": [
        0.822822555651874,
        0.030862170461470235,
        -0.5653424165261581,
        0.04897469164058079
      ]
    },
    {
      "index": 10,
      "image": "img_11.jpeg",
      "R": [
        [
          0.10141507454717931,
          -0.11960661049872948,
          -0.9876280885938773
        ],
        [
          0.038995302482933925,
          0.9924614770368037,
          -0.1161877058134427
        ],
        [
          0.9940796492428838,
          -0.026729671208824073,
          0.10531465063424751
        ]
      ],
      "t": [
        2.5816748562437057,
        -0.03859211869797667,
        -5.084546323603142
      ],
      "center": [
        4.794128189266157,
        0.2111783186141307,
        3.080727893612759
      ],
      "quat": [
        0.7414835133396815,
        0.030161842102764645,
        -0.6681563723888624,
        0.053474524425806816
      ]
    },
    {
      "index": 11,
      "image": "img_12.jpeg",
      "R": [
        [
          -0.10235599199944118,
          -0.11812465111626454,
          -0.9877093791700426
        ],
        [
          0.03522365493086106,
          0.9918713135564905,
          -0.1222726113119092
        ],
        [
          0.99412400888175,
          -0.04730606876905313,
          -0.09736319028511572
        ]
      ],
      "t": [
        3.606203454985925,
        0.03313895474738746,
        -4.543940809641955
      ],
      "center": [
        4.885189910682751,
        0.1781559699758706,
        3.123520388524649
      ],
      "quat": [
        0.6693564318193883,
        0.02799948539341301,
        -0.7402010699534701,
        0.0572745322063714
      ]
    },
    {
      "index": 12,
      "image": "img_13.jpeg",
      "R": [
        [
          -0.3274958415460945,
          -0.13135018882132848,
          -0.9356781506835653
        ],
        [
          -0.0077971225027746865,
          0.9906320342459037,
          -0.1363355331764216
        ],
        [
          0.944820447836885,
          -0.03735372300619822,
          -0.3254520252308843
        ]
      ],
      "t": [
        4.601404404263945,
        0.3799404926355676,
        -3.9352567095886077
      ],
      "center": [
        5.228014256939786,
        0.08101762514314254,
        3.076495687228644
      ],
      "quat": [
        0.5782914852107294,
        0.042790622333888605,
        -0.8129544730522864,
        0.053412971433225875
      ]
    },
    {
      "index": 13,
      "image": "img_14.jpeg",
      "R": [
        [
          -0.5239981751345721,
          -0.10297321704038723,
          -0.8454717198274533
        ],
        [
          -0.01198002743855834,
          0.9934575257059512,
          -0.11357210731856865
        ],
        [
          0.8516351280907861,
          -0.049382802579059755,
          -0.5218035525092063
        ]
      ],
      "t": [
        5.484982007263165,
        0.40900834536000696,
        -3.058074885757927
      ],
      "center": [
        5.483384490695541,
        0.007457515566726525,
        3.0881347713691705
      ],
      "quat": [
        -0.4867380707480598,
        -0.032969120661168645,
        0.8716735704020355,
        -0.04673621967867797
      ]
    }
  ],
  "points": [
    {
      "xyz": [
        2.9690784344729506,
        -1.6780984351986157,
        7.09126081045557
      ],
      "rgb": [
        153,
        150,
        145
      ]
    },
    {
      "xyz": [
        2.9134334851848087,
        -1.676940543146507,
        7.1071066632379045
      ],
      "rgb": [
        151,
        147,
        146
      ]
    },
    {
      "xyz": [
        2.9881109050202426,
        1.1021590897971694,
        9.667150664098873
      ],
      "rgb": [
        245,
        235,
        236
      ]
    },
    {
      "xyz": [
        4.564293283027451,
        7.028028327221521,
        -8.293806799556087
      ],
      "rgb": [
        8,
        6,
        9
      ]
    },
    {
      "xyz": [
        2.9881109050202426,
        1.1021590897971694,
        9.667150664098873
      ],
      "rgb": [
        245,
        235,
        236
      ]
    },
    {
      "xyz": [
        4.562600167822335,
        7.029309192774639,
        -8.294115184104983
      ],
      "rgb": [
        11,
        8,
        3
      ]
    },
    {
      "xyz": [
        1.8551335204011417,
        -1.5035791343557379,
        8.066809804691086
      ],
      "rgb": [
        36,
        26,
        24
      ]
    },
    {
      "xyz": [
        -0.27971053969011844,
        1.0506041516869193,
        7.097715265876947
      ],
      "rgb": [
        104,
        8,
        45
      ]
    },
    {
      "xyz": [
        14.833605082321167,
        25.600241217285593,
        -29.49217031138575
      ],
      "rgb": [
        13,
        13,
        15
      ]
    },
    {
      "xyz": [
        2.9690784344729506,
        -1.6780984351986157,
        7.09126081045557
      ],
      "rgb": [
        153,
        150,
        145
      ]
    },
    {
      "xyz": [
        3.031074379343318,
        -3.4821297039804353,
        7.230119285704555
      ],
      "rgb": [
        146,
        147,
        142
      ]
    },
    {
      "xyz": [
        1.8599239777321557,
        -0.9797778209083677,
        7.999943329510493
      ],
      "rgb": [
        8,
        3,
        9
      ]
    },
    {
      "xyz": [
        14.83565812352093,
        25.57585526052269,
        -29.48956946145339
      ],
      "rgb": [
        247,
        240,
        248
      ]
    },
    {
      "xyz": [
        2.9134334851848087,
        -1.676940543146507,
        7.1071066632379045
      ],
      "rgb": [
        151,
        147,
        146
      ]
    },
    {
      "xyz": [
        1.8551335204011417,
        -1.5035791343557379,
        8.066809804691086
      ],
      "rgb": [
        36,
        26,
        24
      ]
    },
    {
      "xyz": [
        2.0953218575546813,
        -0.03164321855680692,
        9.495182642032443
      ],
      "rgb": [
        13,
        7,
        9
      ]
    },
    {
      "xyz": [
        -0.5821465643200634,
        0.9450686888141671,
        6.939218969083343
      ],
      "rgb": [
        176,
        156,
        155
      ]
    },
    {
      "xyz": [
        4.568495432932142,
        7.027186677815094,
        -8.296035320210699
      ],
      "rgb": [
        159,
        58,
        100
      ]
    },
    {
      "xyz": [
        -0.5760638181630325,
        1.0290460977638916,
        6.936313866051688
      ],
      "rgb": [
        122,
        13,
        55
      ]
    },
    {
      "xyz": [
        -0.5191827038988521,
        1.3241638597535121,
        6.9091727068473086
      ],
      "rgb": [
        37,
        10,
        17
      ]
    },
    {
      "xyz": [
        3.7248317343464485,
        1.1579248399727664,
        10.124861599160282
      ],
      "rgb": [
        241,
        227,
        224
      ]
    },
    {
      "xyz": [
        2.1007843246472624,
        1.9159595930204598,
        9.323249647155516
      ],
      "rgb": [
        194,
        202,
        204
      ]
    },
    {
      "xyz": [
        1.8599239777321557,
        -0.9797778209083677,
        7.999943329510493
      ],
      "rgb": [
        8,
        3,
        9
      ]
    },
    {
      "xyz": [
        -0.858022874031871,
        4.015074234315459,
        6.546678890219434
      ],
      "rgb": [
        31,
        23,
        20
      ]
    },
    {
      "xyz": [
        -0.4204313143200578,
        1.393458970673702,
        6.927973891201035
      ],
      "rgb": [
        177,
        155,
        158
      ]
    },
    {
      "xyz": [
        -0.5288538303308232,
        2.9905078229995667,
        6.653856608280753
      ],
      "rgb": [
        35,
        26,
        17
      ]
    },
    {
      "xyz": [
        3.9090060450949484,
        0.02309023991571488,
        10.129724327598492
      ],
      "rgb": [
        140,
        139,
        144
      ]
    },
    {
      "xyz": [
        -0.26745262506064205,
        1.084850629979325,
        7.06302324912629
      ],
      "rgb": [
        153,
        138,
        135
      ]
    },
    {
      "xyz": [
        -1.399910703076844,
        0.6786411116602831,
        7.858634657753054
      ],
      "rgb": [
        31,
        23,
        20
      ]
    },
    {
      "xyz": [
        4.752342363633409,
        7.388948810021135,
        -8.6047991326159
      ],
      "rgb": [
        136,
        132,
        131
      ]
    },
    {
      "xyz": [
        1.9741176989500302,
        1.9217033617425494,
        9.238350946704196
      ],
      "rgb": [
        169,
        187,
        187
      ]
    },
    {
      "xyz": [
        14.908270582440808,
        25.65561748243388,
        -29.60731189235917
      ],
      "rgb": [
        232,
        233,
        227
      ]
    },
    {
      "xyz": [
        8.106859251075674,
        13.318664597115992,
        -15.49358822799049
      ],
      "rgb": [
        145,
        138,
        132
      ]
    },
    {
      "xyz": [
        3.8105682006497212,
        0.0734859978659226,
        10.15037543098604
      ],
      "rgb": [
        5,
        4,
        9
      ]
    },
    {
      "xyz": [
        14.875960367921833,
        25.60030668602467,
        -29.529666504982814
      ],
      "rgb": [
        126,
        115,
        109
      ]
    },
    {
      "xyz": [
        1.8772154155087066,
        0.7700742055817174,
        9.331655227059212
      ],
      "rgb": [
        216,
        234,
        248
      ]
    },
    {
      "xyz": [
        2.7204903756113223,
        0.8296067990372511,
        9.753383765371169
      ],
      "rgb": [
        200,
        215,
        234
      ]
    },
    {
      "xyz": [
        2.989953290680304,
        -3.42818018097493,
        7.21543492936756
      ],
      "rgb": [
        146,
        145,
        143
      ]
    },
    {
      "xyz": [
        14.855950663858014,
        25.599485519821204,
        -29.53273849699434
      ],
      "rgb": [
        10,
        8,
        11
      ]
    },
    {
      "xyz": [
        1.8772154155087066,
        0.7700742055817174,
        9.331655227059212
      ],
      "rgb": [
        216,
        234,
        248
      ]
    },
    {
      "xyz": [
        2.2786487916816953,
        1.4161250989457956,
        9.366853652018845
      ],
      "rgb": [
        191,
        195,
        204
      ]
    },
    {
      "xyz": [
        4.565483613539703,
        7.024505918309008,
        -8.296331179094908
      ],
      "rgb": [
        50,
        50,
        52
      ]
    },
    {
      "xyz": [
        2.9489625569546227,
        1.7187825770494674,
        9.528919644514453
      ],
      "rgb": [
        236,
        222,
        235
      ]
    },
    {
      "xyz": [
        2.714548994910681,
        1.2538298457756398,
        9.7006295096194
      ],
      "rgb": [
        41,
        37,
        38
      ]
    },
    {
      "xyz": [
        3.744170341232669,
        2.0736908422712217,
        9.974790711495432
      ],
      "rgb": [
        255,
        250,
        253
      ]
    },
    {
      "xyz": [
        14.86933361689078,
        25.59541893169448,
        -29.52323736048256
      ],
      "rgb": [
        13,
        13,
        15
      ]
    },
    {
      "xyz": [
        14.83383922603863,
        25.59046824750845,
        -29.483773455465325
      ],
      "rgb": [
        89,
        85,
        82
      ]
    },
    {
      "xyz": [
        14.875241722030838,
        25.59882080924383,
        -29.52923526484291
      ],
      "rgb": [
        62,
        51,
        49
      ]
    },
    {
      "xyz": [
        4.210864814400672,
        -3.3251251583256156,
        8.987571464029848
      ],
      "rgb": [
        86,
        83,
        78
      ]
    },
    {
      "xyz": [
        4.562600167822335,
        7.029309192774639,
        -8.294115184104983
      ],
      "rgb": [
        11,
        8,
        3
      ]
    },
    {
      "xyz": [
        4.375208608199077,
        3.0132196416061605,
        8.961926533198305
      ],
      "rgb": [
        218,
        217,
        213
      ]
    },
    {
      "xyz": [
        0.8904762427589586,
        3.495353622329896,
        6.38185882811934
      ],
      "rgb": [
        11,
        9,
        10
      ]
    },
    {
      "xyz": [
        14.833932322884717,
        25.575938283905078,
        -29.485915593901183
      ],
      "rgb": [
        237,
        228,
        229
      ]
    },
    {
      "xyz": [
        0.7915334327901592,
        -0.22069789140632065,
        8.981202612362587
      ],
      "rgb": [
        20,
        16,
        17
      ]
    },
    {
      "xyz": [
        14.840949116286074,
        25.59721228930493,
        -29.490463483513565
      ],
      "rgb": [
        61,
        57,
        54
      ]
    },
    {
      "xyz": [
        3.940905218390102,
        -0.03377066327446013,
        10.206982666355179
      ],
      "rgb": [
        10,
        4,
        6
      ]
    },
    {
      "xyz": [
        4.567993179232958,
        7.02657821990987,
        -8.295910543779598
      ],
      "rgb": [
        156,
        145,
        141
      ]
    },
    {
      "xyz": [
        -0.5801049214199578,
        0.9829259043537188,
        6.932282156369441
      ],
      "rgb": [
        94,
        35,
        55
      ]
    },
    {
      "xyz": [
        14.838706720539722,
        25.577715785609005,
        -29.488488591322472
      ],
      "rgb": [
        28,
        26,
        31
      ]
    },
    {
      "xyz": [
        2.9371640560218935,
        -2.8027441178113,
        7.207390645024114
      ],
      "rgb": [
        143,
        139,
        136
      ]
    },
    {
      "xyz": [
        0.3615175097848645,
        4.013173194452558,
        6.372400427263135
      ],
      "rgb": [
        13,
        11,
        16
      ]
    },
    {
      "xyz": [
        3.7566151615520873,
        0.7446455938244185,
        10.114541780840218
      ],
      "rgb": [
        141,
        132,
        133
      ]
    },
    {
      "xyz": [
        2.6471153918434034,
        1.964702048011076,
        9.567526413717856
      ],
      "rgb": [
        169,
        178,
        183
      ]
    },
    {
      "xyz": [
        14.827724165232803,
        25.57978206330872,
        -29.485947455316996
      ],
      "rgb": [
        71,
        70,
        68
      ]
    },
    {
      "xyz": [
        -0.5945689240761264,
        0.8653635586252253,
        6.945161665741843
      ],
      "rgb": [
        173,
        160,
        152
      ]
    },
    {
      "xyz": [
        -0.5332664541198345,
        0.9014402116112448,
        6.906362115436483
      ],
      "rgb": [
        162,
        146,
        146
      ]
    },
    {
      "xyz": [
        2.2786487916816953,
        1.4161250989457956,
        9.366853652018845
      ],
      "rgb": [
        191,
        195,
        204
      ]
    },
    {
      "xyz": [
        14.819210521510712,
        25.539531158973382,
        -29.44440009207318
      ],
      "rgb": [
        138,
        157,
        163
      ]
    },
    {
      "xyz": [
        2.708602597601131,
        2.013668935166017,
        9.560342109443935
      ],
      "rgb": [
        56,
        49,
        57
      ]
    },
    {
      "xyz": [
        1.5221967085367951,
        2.8288733590803536,
        8.333430777965562
      ],
      "rgb": [
        194,
        170,
        158
      ]
    },
    {
      "xyz": [
        -0.2946260181759431,
        0.917581992317694,
        7.060611459753756
      ],
      "rgb": [
        170,
        139,
        145
      ]
    },
    {
      "xyz": [
        14.834361414888853,
        25.575667973010827,
        -29.486566502005733
      ],
      "rgb": [
        46,
        29,
        35
      ]
    },
    {
      "xyz": [
        2.2786487916816953,
        1.4161250989457956,
        9.366853652018845
      ],
      "rgb": [
        191,
        195,
        204
      ]
    },
    {
      "xyz": [
        1.7992674148034087,
        1.8511026473316445,
        9.18097407100971
      ],
      "rgb": [
        21,
        19,
        24
      ]
    },
    {
      "xyz": [
        2.136318070529253,
        1.0619424554791754,
        9.453196929529025
      ],
      "rgb": [
        141,
        168,
        175
      ]
    },
    {
      "xyz": [
        1.6210254674963667,
        1.0498444761811934,
        9.34252050729671
      ],
      "rgb": [
        142,
        166,
        176
      ]
    },
    {
      "xyz": [
        2.096733644484707,
        1.7979076860060579,
        9.357523264603254
      ],
      "rgb": [
        243,
        243,
        253
      ]
    },
    {
      "xyz": [
        2.8480584669862283,
        -0.8984724586696664,
        8.3386745350763
      ],
      "rgb": [
        34,
        25,
        20
      ]
    },
    {
      "xyz": [
        1.7816946459188374,
        -0.053210823199698956,
        9.432548371280172
      ],
      "rgb": [
        5,
        4,
        9
      ]
    },
    {
      "xyz": [
        1.9415842881915057,
        -0.29412316443161385,
        8.718107685765256
      ],
      "rgb": [
        255,
        250,
        202
      ]
    },
    {
      "xyz": [
        -0.5578977682599916,
        1.3522658966808951,
        6.897811992697811
      ],
      "rgb": [
        48,
        10,
        21
      ]
    },
    {
      "xyz": [
        -0.9011457564168798,
        -3.640666781259736,
        7.075003110495341
      ],
      "rgb": [
        55,
        48,
        40
      ]
    },
    {
      "xyz": [
        2.365468063722818,
        -1.4278886267716648,
        8.205442521511545
      ],
      "rgb": [
        13,
        7,
        7
      ]
    },
    {
      "xyz": [
        2.770616243808381,
        0.9585554320527984,
        9.681422961866522
      ],
      "rgb": [
        22,
        19,
        26
      ]
    },
    {
      "xyz": [
        -0.5940510396577041,
        1.0493992410591173,
        6.911183788637439
      ],
      "rgb": [
        188,
        162,
        163
      ]
    },
    {
      "xyz": [
        14.839185879074845,
        25.57932399452724,
        -29.4913737225375
      ],
      "rgb": [
        193,
        196,
        203
      ]
    },
    {
      "xyz": [
        -0.5892176373345531,
        1.3814514586579023,
        6.887988041783636
      ],
      "rgb": [
        52,
        6,
        17
      ]
    },
    {
      "xyz": [
        -0.5332664541198345,
        0.9014402116112448,
        6.906362115436483
      ],
      "rgb": [
        162,
        146,
        146
      ]
    },
    {
      "xyz": [
        2.003728470703629,
        2.6838560116643357,
        8.77703762040362
      ],
      "rgb": [
        80,
        20,
        28
      ]
    },
    {
      "xyz": [
        1.8021167493897696,
        -3.4828329372570312,
        8.123494870307223
      ],
      "rgb": [
        73,
        72,
        68
      ]
    },
    {
      "xyz": [
        0.8363188662423912,
        1.738851326734267,
        8.709354223466288
      ],
      "rgb": [
        19,
        16,
        25
      ]
    },
    {
      "xyz": [
        4.342355781061627,
        2.7439338647741587,
        8.900421586322718
      ],
      "rgb": [
        117,
        122,
        126
      ]
    },
    {
      "xyz": [
        8.105573796875378,
        13.309738786782507,
        -15.489648271776476
      ],
      "rgb": [
        245,
        224,
        229
      ]
    },
    {
      "xyz": [
        14.839185879074845,
        25.57932399452724,
        -29.4913737225375
      ],
      "rgb": [
        193,
        196,
        203
      ]
    },
    {
      "xyz": [
        14.870171735440058,
        25.59636110325133,
        -29.52390174586006
      ],
      "rgb": [
        9,
        9,
        11
      ]
    },
    {
      "xyz": [
        -0.32857689664458684,
        0.8902053618669588,
        7.041563391097603
      ],
      "rgb": [
        69,
        9,
        34
      ]
    },
    {
      "xyz": [
        4.564298413204449,
        7.025574037740044,
        -8.293592260786518
      ],
      "rgb": [
        176,
        193,
        201
      ]
    },
    {
      "xyz": [
        2.5191107627274714,
        1.2076962441726051,
        9.630140890642357
      ],
      "rgb": [
        169,
        174,
        177
      ]
    },
    {
      "xyz": [
        -0.5892176373345531,
        1.3814514586579023,
        6.887988041783636
      ],
      "rgb": [
        52,
        6,
        17
      ]
    },
    {
      "xyz": [
        2.820731246258792,
        0.007762132145675764,
        9.80279646956497
      ],
      "rgb": [
        7,
        5,
        10
      ]
    },
    {
      "xyz": [
        -1.0734422840962867,
        0.6335225031412175,
        7.265579868088808
      ],
      "rgb": [
        21,
        11,
        9
      ]
    },
    {
      "xyz": [
        4.562676437014072,
        7.025460197254616,
        -8.293073092079096
      ],
      "rgb": [
        248,
        233,
        228
      ]
    },
    {
      "xyz": [
        14.849274561084473,
        25.594943017778544,
        -29.525502044429373
      ],
      "rgb": [
        75,
        66,
        61
      ]
    },
    {
      "xyz": [
        -0.3693998333701207,
        0.8830424746550442,
        7.042370529774085
      ],
      "rgb": [
        163,
        148,
        145
      ]
    },
    {
      "xyz": [
        1.7992674148034087,
        1.8511026473316445,
        9.18097407100971
      ],
      "rgb": [
        21,
        19,
        24
      ]
    },
    {
      "xyz": [
        1.9138246998970836,
        1.9723733805181591,
        9.20841104560105
      ],
      "rgb": [
        28,
        25,
        32
      ]
    },
    {
      "xyz": [
        14.872436677163257,
        25.597669835944686,
        -29.526762645149027
      ],
      "rgb": [
        110,
        105,
        101
      ]
    },
    {
      "xyz": [
        -0.49361470311618255,
        1.3451599405192847,
        6.911797975858462
      ],
      "rgb": [
        170,
        148,
        150
      ]
    },
    {
      "xyz": [
        4.476366207316122,
        -3.314115581477939,
        9.091114845255442
      ],
      "rgb": [
        74,
        71,
        66
      ]
    },
    {
      "xyz": [
        4.330414368060478,
        2.975215625390064,
        8.9127838825397
      ],
      "rgb": [
        236,
        232,
        231
      ]
    },
    {
      "xyz": [
        -0.6271186840896502,
        -3.625747582593021,
        7.196046904236236
      ],
      "rgb": [
        63,
        56,
        50
      ]
    },
    {
      "xyz": [
        1.5264597844433698,
        2.795215289846933,
        8.343318543351268
      ],
      "rgb": [
        194,
        165,
        125
      ]
    },
    {
      "xyz": [
        2.846132486405247,
        -1.5837282154188508,
        7.0397301146794
      ],
      "rgb": [
        123,
        116,
        108
      ]
    },
    {
      "xyz": [
        14.862953663727879,
        25.604064872383557,
        -29.51992381435997
      ],
      "rgb": [
        165,
        154,
        148
      ]
    },
    {
      "xyz": [
        4.547182280445889,
        6.84081541055106,
        -8.142856870334297
      ],
      "rgb": [
        92,
        95,
        100
      ]
    },
    {
      "xyz": [
        1.8910441730259198,
        2.613926729038974,
        8.692277315219314
      ],
      "rgb": [
        133,
        25,
        40
      ]
    },
    {
      "xyz": [
        -0.6544493563293954,
        3.1159874487400816,
        6.636071864417692
      ],
      "rgb": [
        70,
        62,
        51
      ]
    },
    {
      "xyz": [
        8.110941056150818,
        13.314438011890063,
        -15.492783840128077
      ],
      "rgb": [
        204,
        217,
        233
      ]
    },
    {
      "xyz": [
        14.874864324654899,
        25.599286167893343,
        -29.529478638800907
      ],
      "rgb": [
        114,
        105,
        100
      ]
    },
    {
      "xyz": [
        2.186529071099934,
        0.45438278803104043,
        9.084840919515216
      ],
      "rgb": [
        196,
        213,
        205
      ]
    },
    {
      "xyz": [
        14.864884188455047,
        25.606654386060807,
        -29.539077771502267
      ],
      "rgb": [
        67,
        65,
        66
      ]
    },
    {
      "xyz": [
        14.856008057985326,
        25.59513431211092,
        -29.525027508947456
      ],
      "rgb": [
        32,
        31,
        36
      ]
    },
    {
      "xyz": [
        14.863294712094497,
        25.604306593141647,
        -29.520308945570292
      ],
      "rgb": [
        133,
        103,
        105
      ]
    },
    {
      "xyz": [
        1.0767040297021189,
        3.4825268036094266,
        6.268383308281193
      ],
      "rgb": [
        67,
        65,
        66
      ]
    },
    {
      "xyz": [
        2.0884965844832317,
        3.395740064305324,
        6.945414241486367
      ],
      "rgb": [
        88,
        97,
        106
      ]
    },
    {
      "xyz": [
        2.039481761897227,
        3.440211030872719,
        7.026597812697729
      ],
      "rgb": [
        92,
        110,
        134
      ]
    },
    {
      "xyz": [
        2.740714625571303,
        1.2055391503601394,
        9.577262416392482
      ],
      "rgb": [
        165,
        158,
        166
      ]
    },
    {
      "xyz": [
        3.440929609143764,
        1.4134368758928528,
        11.01922918142881
      ],
      "rgb": [
        255,
        247,
        251
      ]
    },
    {
      "xyz": [
        1.8401305701659973,
        0.933977394959189,
        9.409846917151663
      ],
      "rgb": [
        28,
        26,
        31
      ]
    },
    {
      "xyz": [
        1.2544850129853218,
        1.6793744801916997,
        9.126803571862126
      ],
      "rgb": [
        150,
        177,
        194
      ]
    },
    {
      "xyz": [
        4.5679614448089385,
        7.027109887357999,
        -8.295754209796035
      ],
      "rgb": [
        170,
        139,
        145
      ]
    },
    {
      "xyz": [
        3.3394906125214106,
        1.430838942021388,
        9.826010344118504
      ],
      "rgb": [
        238,
        228,
        229
      ]
    },
    {
      "xyz": [
        -1.094800464003629,
        -0.45887262789626315,
        7.470426162831967
      ],
      "rgb": [
        142,
        134,
        131
      ]
    },
    {
      "xyz": [
        1.933926117795331,
        4.02492113197607,
        6.186463292039615
      ],
      "rgb": [
        94,
        87,
        77
      ]
    },
    {
      "xyz": [
        1.772199872597744,
        3.391396767117538,
        7.235194571758515
      ],
      "rgb": [
        50,
        50,
        52
      ]
    },
    {
      "xyz": [
        2.0002796134626464,
        -0.2789516754751726,
        8.717406835824875
      ],
      "rgb": [
        255,
        242,
        213
      ]
    },
    {
      "xyz": [
        2.020528876687367,
        1.7797651413473976,
        9.265613545250162
      ],
      "rgb": [
        239,
        246,
        254
      ]
    },
    {
      "xyz": [
        14.8492812878651,
        25.589799972198765,
        -29.514159452549016
      ],
      "rgb": [
        190,
        210,
        234
      ]
    },
    {
      "xyz": [
        3.6013623130899215,
        0.7973117462282131,
        10.56546629520223
      ],
      "rgb": [
        244,
        220,
        220
      ]
    },
    {
      "xyz": [
        2.0884965844832317,
        3.395740064305324,
        6.945414241486367
      ],
      "rgb": [
        88,
        97,
        106
      ]
    },
    {
      "xyz": [
        2.2975215814179064,
        2.340540073110062,
        9.30087803430949
      ],
      "rgb": [
        191,
        203,
        203
      ]
    },
    {
      "xyz": [
        1.8401305701659973,
        0.933977394959189,
        9.409846917151663
      ],
      "rgb": [
        28,
        26,
        31
      ]
    },
    {
      "xyz": [
        4.547722064431001,
        6.840276608981123,
        -8.143642688704732
      ],
      "rgb": [
        194,
        165,
        125
      ]
    },
    {
      "xyz": [
        14.837910638786655,
        25.575998636690983,
        -29.492253918505813
      ],
      "rgb": [
        161,
        172,
        174
      ]
    },
    {
      "xyz": [
        14.838722990657189,
        25.58455931184128,
        -29.49135761780788
      ],
      "rgb": [
        255,
        249,
        215
      ]
    },
    {
      "xyz": [
        14.83409793191043,
        25.600545628290657,
        -29.49296030564358
      ],
      "rgb": [
        11,
        11,
        13
      ]
    },
    {
      "xyz": [
        -1.5249768545515427,
        2.676730845985275,
        7.468126587542926
      ],
      "rgb": [
        9,
        7,
        8
      ]
    },
    {
      "xyz": [
        -0.4380842958559741,
        0.9204504842345411,
        7.074150403051876
      ],
      "rgb": [
        163,
        149,
        146
      ]
    },
    {
      "xyz": [
        14.845778341085635,
        25.58082670652187,
        -29.496227866486393
      ],
      "rgb": [
        157,
        175,
        177
      ]
    },
    {
      "xyz": [
        14.873992805127061,
        25.60275533655158,
        -29.52526512316354
      ],
      "rgb": [
        88,
        77,
        73
      ]
    },
    {
      "xyz": [
        2.940399062549433,
        -1.6497473309879787,
        7.091064933524381
      ],
      "rgb": [
        11,
        6,
        10
      ]
    },
    {
      "xyz": [
        14.847760190509822,
        25.581171484189507,
        -29.49996270719724
      ],
      "rgb": [
        180,
        202,
        216
      ]
    },
    {
      "xyz": [
        1.6905472039959057,
        2.728148799515655,
        8.669300764090467
      ],
      "rgb": [
        125,
        54,
        68
      ]
    },
    {
      "xyz": [
        4.565483613539703,
        7.024505918309008,
        -8.296331179094908
      ],
      "rgb": [
        50,
        50,
        52
      ]
    },
    {
      "xyz": [
        1.7840767905505932,
        2.634927292143016,
        8.650206374545226
      ],
      "rgb": [
        138,
        74,
        74
      ]
    },
    {
      "xyz": [
        4.304602630629017,
        2.6460522007839407,
        9.089478719458473
      ],
      "rgb": [
        155,
        164,
        173
      ]
    },
    {
      "xyz": [
        14.843461550735812,
        25.580856647801905,
        -29.500083677644533
      ],
      "rgb": [
        136,
        96,
        88
      ]
    },
    {
      "xyz": [
        1.6905472039959057,
        2.728148799515655,
        8.669300764090467
      ],
      "rgb": [
        125,
        54,
        68
      ]
    },
    {
      "xyz": [
        1.7182338337079692,
        2.4491513613326794,
        9.112549537743293
      ],
      "rgb": [
        76,
        53,
        61
      ]
    },
    {
      "xyz": [
        14.838028020845602,
        25.588976592306732,
        -29.492920704157566
      ],
      "rgb": [
        45,
        43,
        44
      ]
    },
    {
      "xyz": [
        1.6504903517785339,
        2.5328203617341396,
        8.834849682824808
      ],
      "rgb": [
        255,
        231,
        232
      ]
    },
    {
      "xyz": [
        1.7909033744092662,
        2.4350348568662796,
        8.641851578876341
      ],
      "rgb": [
        146,
        81,
        87
      ]
    },
    {
